#    X	    Y	        Z	    Amplitude
1773.000	-1293.000	3152.000	118
1773.000	-1293.000	3152.000	118
1764.000	-1294.000	3156.000	118
1766.000	-1303.000	3178.000	116
1759.000	-1305.000	3183.000	127
1751.000	-1307.000	3187.000	127
1735.000	-1303.000	3178.000	119
1714.000	-1295.000	3158.000	130
1697.000	-1290.000	3146.000	136
1689.000	-1291.000	3149.000	136
1679.000	-1292.000	3151.000	125
1664.000	-1288.000	3141.000	132
1656.000	-1290.000	3145.000	132
1645.000	-1289.000	3143.000	120
1632.000	-1286.000	3137.000	126
1621.000	-1286.000	3136.000	117
1612.000	-1287.000	3140.000	117
1605.000	-1290.000	3146.000	121
1596.000	-1290.000	3147.000	111
1590.000	-1294.000	3156.000	122
1582.000	-1296.000	3160.000	122
1577.000	-1300.000	3171.000	110
1573.000	-1306.000	3184.000	118
1565.000	-1307.000	3188.000	118
1560.000	-1312.000	3199.000	93
1550.000	-1313.000	3201.000	123
1534.000	-1307.000	3188.000	141
1526.000	-1309.000	3193.000	123
1517.000	-1311.000	3196.000	123
1514.000	-1317.000	3212.000	129
1510.000	-1323.000	3226.000	129
1498.000	-1321.000	3221.000	124
1489.000	-1322.000	3225.000	124
1471.000	-1316.000	3209.000	134
1460.000	-1315.000	3207.000	136
1456.000	-1321.000	3222.000	125
1447.000	-1323.000	3225.000	125
1441.000	-1326.000	3235.000	118
1430.000	-1326.000	3234.000	123
1420.000	-1326.000	3235.000	123
1413.000	-1330.000	3242.000	127
1404.000	-1331.000	3246.000	127
1393.000	-1331.000	3245.000	118
1377.000	-1325.000	3232.000	134
1363.000	-1322.000	3224.000	135
1358.000	-1328.000	3238.000	132
1349.000	-1329.000	3242.000	132
1336.000	-1326.000	3235.000	120
1321.000	-1322.000	3224.000	119
1309.000	-1320.000	3220.000	129
1301.000	-1323.000	3226.000	109
1289.000	-1322.000	3223.000	102
1280.000	-1323.000	3226.000	102
1263.000	-1316.000	3209.000	111
1251.000	-1315.000	3206.000	113
1248.000	-1322.000	3224.000	114
1242.000	-1327.000	3236.000	116
1233.000	-1328.000	3239.000	116
1219.000	-1325.000	3231.000	115
1202.000	-1318.000	3214.000	122
1184.000	-1309.000	3193.000	128
1167.000	-1302.000	3176.000	131
1161.000	-1306.000	3186.000	183
1172.000	-1331.000	3245.000	188
1162.000	-1332.000	3248.000	188
1171.000	-1354.000	3303.000	102
1149.000	-1341.000	3271.000	55
1108.000	-1306.000	3184.000	55
1090.000	-1296.000	3160.000	95
1072.000	-1287.000	3138.000	122
1062.000	-1288.000	3140.000	122
1049.000	-1284.000	3131.000	140
1037.000	-1281.000	3124.000	134
1029.000	-1284.000	3132.000	136
1023.000	-1290.000	3146.000	136
1015.000	-1292.000	3151.000	122
1003.000	-1290.000	3145.000	135
 992.000	-1289.000	3144.000	178
 983.000	-1290.000	3147.000	178
 977.000	-1296.000	3160.000	158
 974.000	-1305.000	3183.000	139
 969.000	-1313.000	3202.000	112
 960.000	-1315.000	3208.000	136
 954.000	-1321.000	3220.000	139
 944.000	-1322.000	3225.000	128
 937.000	-1326.000	3233.000	117
 927.000	-1327.000	3236.000	117
 921.000	-1333.000	3252.000	121
 916.000	-1342.000	3273.000	109
 909.000	-1348.000	3287.000	125
 900.000	-1350.000	3291.000	110
 889.000	-1350.000	3292.000	132
 878.000	-1349.000	3289.000	110
 867.000	-1349.000	3289.000	123
 859.000	-1353.000	3299.000	116
 849.000	-1354.000	3302.000	116
 844.000	-1362.000	3322.000	111
 838.000	-1370.000	3341.000	110
 827.000	-1371.000	3344.000	116
 812.000	-1363.000	3325.000	117
 794.000	-1351.000	3295.000	127
 780.000	-1345.000	3279.000	137
 771.000	-1349.000	3289.000	94
 764.000	-1355.000	3304.000	38
 754.000	-1356.000	3306.000	38
 736.000	-1343.000	3275.000	43
 722.000	-1336.000	3259.000	57
 713.000	-1339.000	3265.000	78
 704.000	-1342.000	3273.000	85
 692.000	-1341.000	3270.000	77
 681.000	-1340.000	3267.000	62
 676.000	-1350.000	3292.000	48
 675.000	-1370.000	3341.000	44
 669.000	-1380.000	3366.000	52
 653.000	-1370.000	3340.000	91
 643.000	-1370.000	3342.000	91
 625.000	-1356.000	3306.000	144
 612.000	-1351.000	3294.000	124
 602.000	-1352.000	3297.000	115
 593.000	-1356.000	3306.000	103
 586.000	-1365.000	3330.000	112
 581.000	-1379.000	3364.000	117
 573.000	-1386.000	3379.000	116
 560.000	-1380.000	3365.000	105
 543.000	-1367.000	3332.000	121
 528.000	-1356.000	3306.000	121
 518.000	-1356.000	3307.000	104
 507.000	-1357.000	3308.000	104
 500.000	-1365.000	3330.000	102
 491.000	-1372.000	3346.000	102
 481.000	-1373.000	3349.000	114
 470.000	-1374.000	3351.000	113
 459.000	-1372.000	3346.000	94
 445.000	-1362.000	3322.000	114
 431.000	-1352.000	3298.000	114
 420.000	-1352.000	3296.000	126
 411.000	-1357.000	3310.000	115
 402.000	-1364.000	3325.000	116
 393.000	-1371.000	3344.000	111
 383.000	-1372.000	3345.000	111
 373.000	-1377.000	3358.000	100
 362.000	-1374.000	3351.000	118
 349.000	-1366.000	3331.000	119
 336.000	-1360.000	3316.000	120
 325.000	-1359.000	3314.000	106
 315.000	-1360.000	3316.000	119
 304.000	-1359.000	3315.000	116
 294.000	-1365.000	3328.000	120
 286.000	-1378.000	3360.000	99
 277.000	-1384.000	3375.000	108
 264.000	-1378.000	3360.000	95
 254.000	-1378.000	3360.000	95
 241.000	-1369.000	3339.000	108
 230.000	-1366.000	3330.000	112
 219.000	-1367.000	3333.000	113
 209.000	-1370.000	3340.000	106
 198.000	-1372.000	3345.000	116
 188.000	-1374.000	3350.000	100
 178.000	-1381.000	3367.000	104
 169.000	-1397.000	3407.000	96
 159.000	-1410.000	3440.000	82
 148.000	-1410.000	3438.000	90
 136.000	-1400.000	3415.000	90
 124.000	-1390.000	3389.000	101
 113.000	-1390.000	3389.000	101
 101.000	-1383.000	3374.000	107
  90.000	-1384.000	3376.000	103
  80.000	-1389.000	3387.000	104
  69.000	-1392.000	3395.000	109
  58.000	-1394.000	3399.000	106
  47.000	-1392.000	3395.000	108
  36.000	-1388.000	3385.000	106
  25.000	-1386.000	3380.000	99
  14.000	-1387.000	3382.000	97
   3.000	-1389.000	3387.000	109
  -7.000	-1389.000	3387.000	109
 -18.000	-1393.000	3397.000	106
 -29.000	-1399.000	3411.000	96
 -41.000	-1403.000	3420.000	108
 -52.000	-1402.000	3418.000	108
 -63.000	-1398.000	3409.000	131
 -73.000	-1395.000	3401.000	99
 -84.000	-1390.000	3389.000	115
 -95.000	-1380.000	3366.000	110
-105.000	-1374.000	3350.000	123
-116.000	-1378.000	3359.000	121
-127.000	-1377.000	3359.000	121
-138.000	-1383.000	3372.000	125
-149.000	-1379.000	3362.000	134
-159.000	-1375.000	3352.000	136
-171.000	-1378.000	3361.000	101
-182.000	-1384.000	3375.000	127
-193.000	-1383.000	3373.000	125
-204.000	-1382.000	3371.000	112
-216.000	-1386.000	3380.000	121
-227.000	-1390.000	3390.000	117
-238.000	-1390.000	3389.000	117
-250.000	-1392.000	3394.000	111
-261.000	-1396.000	3404.000	123
-274.000	-1403.000	3421.000	103
-285.000	-1404.000	3424.000	135
-296.000	-1401.000	3416.000	112
-305.000	-1396.000	3403.000	122
-315.000	-1388.000	3386.000	126
-326.000	-1387.000	3382.000	123
-336.000	-1386.000	3381.000	123
-349.000	-1393.000	3397.000	105
-361.000	-1395.000	3402.000	131
-370.000	-1390.000	3389.000	129
-379.000	-1381.000	3368.000	134
-385.000	-1364.000	3326.000	174
-391.000	-1346.000	3283.000	294
-402.000	-1348.000	3286.000	201
-412.000	-1347.000	3285.000	201
-425.000	-1355.000	3303.000	99
-431.000	-1339.000	3265.000	118
-432.000	-1309.000	3192.000	226
-437.000	-1295.000	3159.000	228
-449.000	-1300.000	3171.000	219
-462.000	-1307.000	3188.000	243
-472.000	-1307.000	3186.000	243
-484.000	-1310.000	3195.000	295
-503.000	-1333.000	3251.000	347
-523.000	-1358.000	3312.000	178
-540.000	-1374.000	3350.000	103
-549.000	-1370.000	3341.000	116
-556.000	-1359.000	3315.000	181
-566.000	-1359.000	3313.000	181
-577.000	-1359.000	3314.000	230
-593.000	-1371.000	3344.000	171
-609.000	-1382.000	3370.000	145
-620.000	-1383.000	3374.000	150
-630.000	-1380.000	3365.000	159
-640.000	-1379.000	3363.000	159
-648.000	-1373.000	3347.000	161
-657.000	-1369.000	3337.000	175
-660.000	-1352.000	3297.000	176
-665.000	-1341.000	3269.000	180
-674.000	-1337.000	3261.000	164
-684.000	-1336.000	3259.000	164
-694.000	-1335.000	3256.000	130
-707.000	-1340.000	3267.000	111
-725.000	-1355.000	3303.000	98
-743.000	-1367.000	3334.000	81
-753.000	-1366.000	3332.000	81
-761.000	-1361.000	3318.000	101
-762.000	-1344.000	3278.000	85
-765.000	-1330.000	3244.000	90
-773.000	-1327.000	3235.000	89
-783.000	-1326.000	3233.000	89
-792.000	-1322.000	3225.000	79
-795.000	-1311.000	3196.000	85
-797.000	-1297.000	3162.000	86
-799.000	-1283.000	3130.000	77